[General]

[YunChang]
path0=0
path1=1.0735
path2=2.3966
path3=-4.5717
path4=0.0863
path5=0.6831
path6=0.9827
path7=0.5044
path8=0.3319
path9=0.8862

[Pulse]
f_H=39364650
f_P=6422760
demo_phaseH=35
demo_phaseH1=40
demo_phaseP=40
am_H=30
am_P=50

[Sample]
f_adc=200000000
f_dac=200000000
f_fpga=200000000
fs_fre=20000
fs_count=16000
fft_start=1
fft_end=16000
fft_length=16384
fs_fre_lock=10000
fs_count_lock=8000
fft_start_lock=1
fft_end_lock=8000
fft_length_lock=8192

[YanChunTai]
width_H=19.3
width_P=37.2
j_time=720
d_time=400
n=40

[QComPar]
mark_phaseH=270
mark_phaseP=270
qcom_filterH=5
qcom_filterP=0

[Temperature]
rough_k=-0.022
rough_b=69.707
%23machineId=Gemini-3
%23platformId=gemini
%23url=ws://cloud.spinq.cn:6050/machine
%23enableCloud=false

[PPS]
b1=3796158.059192297
b2=2633932.0585105903
b3=3905768.263309579
lamda1=-7.986696464219034
lamda2=24.278438000016614
lamda3=33.94244128445849
lamda12=7.986694187929533
lamda22=7.213143669821594
lamda32=7.276783369387283

[Cloud]
machineId=Gemini-3
platformId=gemini
url=ws://cloud.spinq.cn:6050/machine
enableCloud=false

[SpinQGlobalFFres]
FFres0=-1445
FFres1=-1396
FFres2=-1317
FFres3=-1269
FFres4=-42
FFres5=27
FFres6=87
FFres7=155
FFres8=968
FFres9=1017
FFres10=1036
FFres11=1085
